-30.4183 151.629
-23.666 133.904
-32.8102 136.059
-30.6147 116.709
-31.5375 145.692
-35.315 149.363
-13.9574 143.175
-20.0876 146.25
-25.3691 151.082
-18.0982 125.64
-22.643 114.234
-33.4306 138.922
-31.3669 121.882
-15.6769 128.763
-31.52 159.061
-2.0432 147.366
-42.4417 147.19
-29.0679 116.04
-12.8436 131.133
-31.9783 116.208
-29.0433 167.939
-19.0763 -169.927
-32.9277 117.239
-20.5577 139.605
-26.5837 144.235
-4.1911 152.164
-31.8769 141.595
-37.5714 145.491
-19.7671 134.393
-19.9594 134.346
-19.9428 134.351
-19.923 134.355
-19.9036 134.359
-19.8782 134.366
-19.855 134.367
-19.8408 134.38
-19.8139 134.381
-19.7914 134.384
-19.9243 134.339
-19.9254 134.365
-19.9587 134.372
-19.9619 134.34
-19.9597 134.54
-19.9426 134.339
-19.9469 134.362
-19.9485 134.387
-19.9503 134.407
-19.9522 134.43
-19.9542 134.453
-19.9558 134.501
-19.9558 134.501
-19.9577 134.515
-25.0375 128.296
-10.4501 105.688
-10.4807 105.652
-34.298 148.396
