46.938 6.47298
46.4353 8.11043
46.6202 10.2635
46.7568 8.15117
47.2946 9.4927
45.9219 9.04167
46.3633 7.2993
47.7645 8.49236
50.3502 16.3222
49.1309 13.5782
55.114 14.915
56.455 9.1733
55.073 -7.51
53.4195 -9.375
43.941 5.484
48.0258 2.26
48.2163 7.15896
45.279 4.542
45.279 4.542
58.4935 -3.9087
50.1867 -5.2273
52.7385 -1.30767
56.9125 -2.4864
50.4353 -3.931
55.9233 -3.1875
51.1476 1.1366
55.3165 -3.2052
52.8879 -3.2012
54.8663 -4.71133
50.8673 0.3363
53.9582 -1.62417
50.9943 -4.48483
49.1878 -2.1717
54.5885 -3.1034
57.3392 -5.65267
53.4573 -0.3274
60.136 -1.17783
51.9973 -2.99833
62.0685 -6.9658
53.0913 -2.2062
51.5132 -1.80033
53.2894 -4.3966
29.6699 34.9512
44.4581 28.4128
58.462 26.7347
49.6919 11.2217
48.3301 8.3296
55.3167 -3.205
55.3167 -3.205
48.3319 8.3311
43.9553 42.6863
43.9553 42.6863
55.1146 36.5674
55.1146 36.5674
39.868 32.7934
39.868 32.7934
40.148 44.741
40.148 44.741
49.6909 11.2203
50.7012 29.2242
59.6491 9.5982
59.6491 9.5982
39.5446 -4.3499
39.5446 -4.3499
39.64 27.88
36.7483 29.9085
37.1722 37.2097
40.6152 43.0937
40.4712 31.1977
37.501 42.4392
42.0195 35.2068
38.7185 -9.1505
37.8395 -8.21994
37.3043 -8.65267
42.354 13.405
45.052 6.678
38.2603 15.8939
37.578 13.216
33.9881 -6.8569
39.1794 16.7583
41.3472 19.8631
46.4722 9.34732
44.1594 10.3864
42.618 23.235
35.8373 14.5242
50.764 5.9317
47.2505 15.5232
47.2867 9.8803
47.0784 13.3447
51.837 20.792
53.2697 17.2367
50.8428 16.2931
49.6314 22.7075
49.4189 20.3131
50.2195 19.7984
54.0125 23.1808
38.8672 -7.5902
37.1328 -8.82683
37.4037 -7.7173
47.644 25.2002
40.208 -8.4124
53.3763 -2.3515
33.7205 -5.3197
33.3079 -5.1024
38.5727 34.5084
40.2844 30.0923
40.3652 30.062
40.4372 30.0719
40.4806 30.0922
40.5482 30.0884
40.6156 30.087
40.6847 30.0868
40.7421 30.0619
40.8095 30.0827
40.8593 30.0712
40.9348 30.0762
40.2845 30.1652
40.387 30.1634
40.4212 30.146
40.49 30.1612
40.5649 30.1246
40.6447 30.232
40.6802 30.1788
40.7393 30.1534
40.805 30.1619
40.8618 30.1605
40.9229 30.1658
40.2969 30.2405
40.3599 30.2349
40.4249 30.2445
40.4824 30.2356
40.5634 30.2518
40.6167 30.2658
40.6671 30.2422
40.7444 30.2501
40.8078 30.2442
40.8802 30.249
40.9286 30.2364
40.285 30.3167
40.3777 30.3102
40.4256 30.3302
40.4953 30.3134
40.5452 30.3294
40.6235 30.3178
40.8033 30.3291
40.8621 30.3293
40.9314 30.3132
40.2975 30.4088
40.362 30.4044
40.42 30.4084
40.4791 30.4104
40.5224 30.4098
40.6091 30.3799
40.6797 30.4115
40.7486 30.4065
40.8097 30.4098
40.8779 30.4
40.9289 30.3988
40.3004 30.4972
40.3585 30.4938
40.4734 30.4943
40.5399 30.4902
40.6275 30.4792
40.6782 30.4926
40.7364 30.4963
40.8056 30.4902
40.9293 30.4925
40.432 30.5156
40.0849 30.3043
40.1966 30.6244
40.4281 30.8131
40.5888 30.8134
40.8716 30.9175
41.0323 30.651
41.0459 30.1702
40.686 30.3083
