 25.00 319.9588
 26.00 329.0355
 27.00 338.0407
 28.00 347.0033
 29.00 355.9057
 30.00 364.7378
 31.00 373.5692
 32.00 382.3509
 33.00 391.0986
 34.00 399.7801
 35.00 408.4116
 36.00 416.9749
 37.00 425.4887
 38.00 433.9557
 39.00 442.3329
 40.00 450.6758
 41.00 458.9345
 42.00 467.1247
 43.00 475.2473
 44.00 483.2967
 45.00 491.2791
 46.00 499.1895
 47.00 507.0314
 48.00 514.8017
 49.00 522.5034
 50.00 530.1315
 51.00 537.6814
 52.00 545.1675
 53.00 552.5658
 54.00 559.9119
 55.00 567.1751
 56.00 574.3570
 57.00 581.4874
 58.00 588.5254
 59.00 595.5080
 60.00 602.4098
 61.00 609.2329
 62.00 615.9955
 63.00 622.6701
 64.00 629.2917
 65.00 635.8251
 66.00 642.2979
 67.00 648.6918
 68.00 655.0157
 69.00 661.2616
 70.00 667.4304
 71.00 673.5419
 72.00 679.5630
 73.00 685.5235
 74.00 691.3987
 75.00 697.2183
 76.00 702.9502
 77.00 708.6118
 78.00 714.1834
 79.00 719.7037
 80.00 725.1330
 81.00 730.4903
 82.00 735.7755
 83.00 740.9752
 84.00 746.1021
 85.00 751.1388
 86.00 756.1106
 87.00 760.9955
 88.00 765.7971
 89.00 770.5275
 90.00 775.1811
 91.00 779.8163
 92.00 784.4420
 93.00 789.0455
 94.00 793.6362
 95.00 798.1867
