60.9677 -144.605
61.5922 -149.131
55.3493 -160.477
32.892 -116.422
38.0345 -120.386
42.6071 -122.957
38.1448 -122.88
36.764 -121.447
40.5799 -122.541
35.1269 -118.83
34.2623 -116.921
33.6552 -115.454
34.0006 -115.998
34.2388 -117.659
33.4019 -118.415
36.4399 -118.08
34.2535 -118.334
34.8811 -117.994
33.7126 -118.294
36.4672 -116.863
33.0515 -114.827
34.7846 -115.66
36.9961 -117.366
35.3018 -116.806
34.8294 -116.335
32.6612 -116.093
34.1574 -115.145
35.6628 -118.474
34.1082 -119.066
35.4795 -117.682
37.6302 -118.836
36.058 -117.489
34.8885 -119.814
33.6 -117.195
34.7676 -114.619
34.6145 -118.724
34.1714 -118.185
34.1714 -118.185
34.3034 -114.142
36.3052 -119.244
34.8753 -116.997
34.4408 -119.715
32.9799 -118.547
33.9954 -119.635
35.8996 -116.275
35.3142 -119.996
33.2479 -119.524
32.9451 -115.8
37.0542 -118.23
35.4358 -115.924
35.8409 -119.085
57.7828 -152.583
57.7828 -152.583
33.6107 -116.455
33.6107 -116.455
38.4328 -118.155
42.7672 -109.558
29.3342 -103.668
34.946 -106.457
34.9459 -106.457
64.8736 -147.862
64.8736 -147.862
44.5855 -123.305
44.5855 -123.305
44.1212 -104.036
44.1212 -104.036
32.3098 -110.785
32.3098 -110.785
32.8889 -117.105
32.5324 -107.785
32.6083 -98.9162
32.5729 -98.0795
32.5573 -97.4099
31.9559 -112.812
32.0179 -98.8998
32.004 -98.1368
31.3249 -98.9841
48.9388 -103.113
48.8973 -102.038
48.9533 -101.241
48.9096 -100.267
48.9228 -99.2321
48.9402 -98.3009
48.932 -97.1888
48.9172 -96.4935
48.9371 -95.3904
32.6238 -99.6431
48.2716 -103.161
48.3762 -102.234
48.4044 -101.26
48.4492 -100.362
48.4649 -99.3535
48.4505 -98.3286
48.4236 -97.6495
48.3951 -96.5363
48.2722 -95.588
48.486 -94.6501
48.3603 -93.7261
41.4083 -98.1502
47.7124 -103.256
47.8259 -102.096
47.7139 -101.503
47.7157 -100.387
47.7026 -98.4783
47.7927 -97.7336
47.8255 -96.5281
47.7586 -95.7725
47.6501 -94.9106
47.7007 -93.9763
47.758 -92.8378
47.7283 -92.1853
47.7171 -91.2732
47.8171 -90.1289
47.1508 -103.32
47.0301 -102.436
47.1081 -101.525
47.1929 -100.569
47.0605 -99.5957
47.1082 -98.7576
47.0481 -97.7226
47.1354 -97.0164
47.1404 -95.8448
47.0851 -95.1952
47.081 -94.0529
47.1765 -93.1645
47.1581 -92.4262
46.5009 -103.401
46.4712 -102.462
46.4293 -101.564
46.5748 -100.693
46.5682 -99.642
46.5021 -98.9098
46.5583 -97.8879
46.5927 -97.0701
46.5035 -96.0054
46.5136 -95.1691
46.5572 -94.4043
46.5177 -93.2557
46.5658 -92.4
45.9256 -103.458
45.8512 -102.67
45.8727 -102.02
45.8485 -100.8
45.8336 -99.8273
45.8356 -99.025
45.8598 -98.2525
45.8705 -97.1264
45.8398 -96.2929
45.7954 -95.2581
45.858 -94.5734
45.8618 -93.5241
45.1935 -103.417
45.2937 -102.599
45.3791 -101.931
45.0749 -100.916
45.1926 -99.9234
45.1293 -99.1446
45.2254 -98.2083
45.2555 -97.4994
45.1946 -96.4383
45.2419 -95.638
45.2199 -94.4855
45.2344 -93.7509
44.3951 -110.576
44.6215 -103.598
44.6168 -102.774
44.6329 -102.077
44.6751 -101.021
44.6261 -100.213
44.4795 -98.4772
44.5041 -97.4363
44.6812 -96.7434
44.6673 -95.777
44.6985 -94.8311
44.5775 -93.9281
44.5812 -92.9181
43.7941 -122.411
44.0196 -103.732
44.0309 -102.86
44.069 -102.052
43.9996 -101.169
44.0215 -100.303
43.9143 -99.4262
44.0297 -98.5352
44.0271 -97.4643
44.0475 -96.7989
44.0392 -95.86
43.8565 -94.9829
44.0191 -94.0143
44.0148 -93.4003
44.0405 -92.3306
43.3901 -103.803
43.3126 -103.075
43.2526 -102.007
43.4239 -101.236
43.4061 -100.325
43.3248 -99.4922
43.2915 -98.7396
43.3719 -97.8476
43.3185 -96.9667
43.2844 -95.9579
43.3655 -95.2078
43.3292 -94.3395
43.3103 -93.5527
43.319 -92.4755
42.6507 -106.524
42.7136 -101.367
42.7612 -100.318
42.6742 -99.6131
42.6229 -98.7546
42.6597 -97.9723
42.6052 -97.0012
42.6865 -96.0957
42.7218 -95.2328
42.6381 -94.4507
42.7669 -93.6388
42.6472 -92.7709
39.0112 -102.627
42.0073 -101.52
42.0641 -100.478
41.9492 -99.7196
42.176 -98.8387
42.0045 -98.008
42.1659 -97.2724
41.9666 -96.3762
42.1123 -95.5448
42.1009 -94.6676
42.1246 -93.7546
42.141 -92.9597
41.3956 -101.371
41.4441 -100.689
41.5371 -99.8723
41.344 -98.9766
41.5726 -97.195
41.5025 -96.583
41.4665 -95.6945
41.4537 -94.8021
41.4028 -94.0575
41.4175 -93.1965
47.8481 -99.6029
33.9696 -102.772
40.6873 -101.541
40.8189 -100.626
40.7957 -100.1
40.8235 -98.9544
40.7639 -98.2955
40.7384 -97.4506
40.8378 -96.5005
40.8612 -95.6425
40.8156 -94.9604
40.7582 -94.2095
40.7931 -93.235
40.8776 -92.5023
40.1348 -108.242
40.1262 -101.773
40.1253 -100.798
40.1791 -100.057
40.1521 -99.3261
40.261 -98.2764
40.0755 -97.5845
40.1831 -96.6936
40.2665 -95.9097
40.1315 -94.9645
40.1664 -94.1461
40.1215 -93.4731
40.2544 -92.5438
40.1212 -91.874
39.5732 -101.755
39.6021 -100.932
39.5442 -100.247
39.5211 -99.3783
39.6223 -98.6011
39.4363 -97.6946
39.5471 -96.8268
39.5286 -96.0188
39.6204 -95.206
39.5882 -94.3491
39.6248 -93.5321
39.4877 -92.7549
39.5299 -92.0483
39.0623 -101.831
38.8905 -100.979
38.9772 -100.221
39.0048 -99.395
38.9908 -98.5596
38.9982 -97.8327
38.9214 -96.9408
38.8586 -96.0368
38.9612 -95.4609
38.8763 -94.4522
38.9609 -93.6182
39.0455 -92.9759
38.9946 -92.0748
38.3489 -115.585
38.3423 -101.811
38.4243 -101.138
38.2844 -100.277
38.2888 -99.5271
38.4225 -98.7111
38.3081 -97.9842
38.3008 -97.247
38.3231 -96.1988
38.3237 -95.504
38.3133 -94.8294
38.1868 -93.9056
38.3138 -93.0383
38.2909 -92.2684
37.5899 -101.898
37.6199 -101.118
37.6402 -100.464
37.7001 -98.9363
37.5936 -98.0016
37.7009 -97.1111
37.6821 -96.319
37.724 -95.5923
37.7597 -94.8279
37.6304 -93.9078
37.691 -93.3226
37.5988 -92.5014
40.379 -87.0967
45.2246 -92.8037
44.4429 -98.9556
37.1565 -101.294
37.1797 -98.9247
37.0824 -98.2444
37.0222 -97.1883
36.9161 -96.5121
37.0605 -95.8789
37.123 -94.9176
37.0354 -94.293
37.0241 -93.3774
37.1504 -92.5193
35.9104 -95.7919
36.4519 -101.27
36.5304 -100.651
36.3695 -99.8508
36.3795 -99.0014
36.4327 -98.1135
36.4365 -97.5354
36.3709 -96.7318
36.3927 -95.7325
36.406 -95.1161
36.4394 -94.3857
36.3823 -93.4805
36.3563 -92.8535
35.7202 -99.0437
35.8209 -98.2862
35.8345 -97.5176
35.7626 -96.8378
35.7863 -95.9425
35.883 -95.141
35.8626 -94.4077
35.8389 -93.645
35.8044 -92.8232
35.1181 -109.736
35.1238 -99.2458
35.1518 -98.4686
35.2352 -97.7733
35.1527 -96.8745
35.1393 -96.2264
35.139 -95.4316
35.0704 -94.5184
35.196 -93.784
34.4214 -99.2854
34.541 -98.5006
34.601 -97.8326
34.3995 -96.9731
34.5704 -96.352
34.5892 -95.3713
34.6692 -94.8288
33.7503 -114.524
34.0739 -106.921
34.0081 -98.6256
33.9574 -97.7573
33.9059 -97.0374
33.8996 -96.2848
33.9789 -95.621
33.2865 -98.7648
33.3712 -97.9158
33.3308 -97.253
33.2702 -96.4344
43.7921 -120.941
42.3012 -83.6567
48.2977 -95.8619
34.8837 -101.681
44.8525 -117.306
45.597 -111.63
42.7667 -109.558
38.814 -99.7374
46.1003 -89.1369
48.4702 -104.196
48.4702 -104.196
40.195 -112.813
43.7337 -96.6141
43.7337 -96.6141
64.7774 -141.158
48.024 -109.755
47.9462 -91.4953
47.9462 -91.4953
44.8245 -84.6175
46.3925 -119.533
40.5559 -89.294
43.5625 -114.414
39.7997 -105.613
42.9142 -90.2481
42.9142 -90.2481
39.1009 -96.6094
39.1009 -96.6094
46.6885 -106.223
31.6985 -105.382
46.8292 -113.941
37.1996 -108.493
48.2642 -117.123
48.2642 -117.123
47.3917 -123.869
40.9451 -102.033
45.1221 -109.267
41.9069 -93.2153
37.7456 -105.501
36.9488 -116.249
34.7379 -98.7807
34.7379 -98.7807
56.4191 -132.347
56.4191 -132.347
35.5169 -111.374
42.4339 -118.637
39.1108 -110.524
34.5228 -105.812
33.5188 -105.974
32.3895 -105.615
31.6463 -103.065
40.8556 -115.256
40.7752 -115.313
40.7451 -115.373
40.7076 -115.396
40.6683 -115.455
40.6307 -115.562
40.5576 -115.526
40.5182 -115.553
40.4682 -115.532
40.4211 -115.558
40.3541 -115.538
40.3014 -115.535
40.2233 -115.585
40.1802 -115.603
40.9366 -115.919
40.8929 -115.824
40.7863 -115.652
40.7553 -115.615
40.7369 -115.574
40.7093 -115.511
40.5998 -115.28
40.5828 -115.198
40.5489 -115.169
40.5176 -115.146
40.4729 -115.09
40.4298 -115.042
40.4012 -114.938
40.349 -114.851
40.6768 -116.059
40.6388 -116.006
40.5907 -115.951
40.5546 -115.918
40.5183 -115.844
40.4841 -115.78
40.4509 -115.747
40.4148 -115.678
40.3668 -115.582
40.3366 -115.504
40.3178 -115.462
40.3007 -115.396
40.2677 -115.302
40.2319 -115.209
40.1988 -115.148
40.187 -115.051
40.1524 -114.926
40.5306 -114.635
40.1957 -115.978
40.8691 -116.212
