 25.00 277.7426
 26.00 286.5059
 27.00 295.2445
 28.00 303.9258
 29.00 312.5573
 30.00 321.1338
 31.00 329.6475
 32.00 338.1436
 33.00 346.5374
 34.00 354.9145
 35.00 363.2101
 36.00 371.4434
 37.00 379.6147
 38.00 387.7248
 39.00 395.7662
 40.00 403.7482
 41.00 411.6630
 42.00 419.5141
 43.00 427.2976
 44.00 435.0171
 45.00 442.6674
 46.00 450.2598
 47.00 457.7765
 48.00 465.2255
 49.00 472.5982
 50.00 479.9250
 51.00 487.1772
 52.00 494.3464
 53.00 501.4696
 54.00 508.5039
 55.00 515.4903
 56.00 522.3965
 57.00 529.2282
 58.00 536.0105
 59.00 542.7073
 60.00 549.3506
 61.00 555.9167
 62.00 562.4086
 63.00 568.8464
 64.00 575.1983
 65.00 581.4922
 66.00 587.7244
 67.00 593.8641
 68.00 599.9636
 69.00 605.9743
 70.00 611.9231
 71.00 617.7876
 72.00 623.6058
 73.00 629.3374
 74.00 635.0045
 75.00 640.5830
 76.00 646.1162
 77.00 651.5637
 78.00 656.9418
 79.00 662.2344
 80.00 667.4704
 81.00 672.6231
 82.00 677.7000
 83.00 682.7132
 84.00 687.6427
 85.00 692.4966
 86.00 697.2671
 87.00 701.9648
 88.00 706.6079
 89.00 711.2431
 90.00 715.8639
 91.00 720.4611
 92.00 725.0444
 93.00 729.5867
 94.00 734.1206
 95.00 738.6104
