 25.00 324.1661
 26.00 333.2447
 27.00 342.2647
 28.00 351.2407
 29.00 360.1512
 30.00 368.9893
 31.00 377.8207
 32.00 386.6152
 33.00 395.3703
 34.00 404.0576
 35.00 412.6995
 36.00 421.2807
 37.00 429.7945
 38.00 438.2799
 39.00 446.6613
 40.00 455.0172
 41.00 463.2862
 42.00 471.4866
 43.00 479.6202
 44.00 487.6851
 45.00 495.6774
 46.00 503.5971
 47.00 511.4484
 48.00 519.2277
 49.00 526.9384
 50.00 534.5755
 51.00 542.1405
 52.00 549.6336
 53.00 557.0479
 54.00 564.4004
 55.00 571.6731
 56.00 578.8641
 57.00 586.0035
 58.00 593.0561
 59.00 600.0453
 60.00 606.9544
 61.00 613.7854
 62.00 620.5613
 63.00 627.2436
 64.00 633.8727
 65.00 640.4183
 66.00 646.8982
 67.00 653.3010
 68.00 659.6274
 69.00 665.8823
 70.00 672.0661
 71.00 678.1776
 72.00 684.2097
 73.00 690.1782
 74.00 696.0648
 75.00 701.8905
 76.00 707.6271
 77.00 713.2990
 78.00 718.8775
 79.00 724.4067
 80.00 729.8431
 81.00 735.2101
 82.00 740.4955
 83.00 745.7048
 84.00 750.8402
 85.00 755.8824
 86.00 760.8632
 87.00 765.7534
 88.00 770.5628
 89.00 775.3012
 90.00 779.9577
 91.00 784.5928
 92.00 789.2200
 93.00 793.8253
 94.00 798.4175
 95.00 802.9713
