 25.00 319.0258
 26.00 328.0995
 27.00 337.1004
 28.00 346.0572
 29.00 354.9542
 30.00 363.7856
 31.00 372.6170
 32.00 381.3932
 33.00 390.1352
 34.00 398.8166
 35.00 407.4436
 36.00 415.9992
 37.00 424.5130
 38.00 432.9704
 39.00 441.3476
 40.00 449.6839
 41.00 457.9381
 42.00 466.1233
 43.00 474.2415
 44.00 482.2858
 45.00 490.2640
 46.00 498.1704
 47.00 506.0084
 48.00 513.7749
 49.00 521.4728
 50.00 529.0957
 51.00 536.6408
 52.00 544.1212
 53.00 551.5155
 54.00 558.8577
 55.00 566.1182
 56.00 573.2964
 57.00 580.4230
 58.00 587.4550
 59.00 594.4341
 60.00 601.3336
 61.00 608.1533
 62.00 614.9105
 63.00 621.5819
 64.00 628.2005
 65.00 634.7288
 66.00 641.1987
 67.00 647.5880
 68.00 653.9091
 69.00 660.1540
 70.00 666.3168
 71.00 672.4277
 72.00 678.4449
 73.00 684.4021
 74.00 690.2726
 75.00 696.0898
 76.00 701.8198
 77.00 707.4773
 78.00 713.0460
 79.00 718.5621
 80.00 723.9892
 81.00 729.3425
 82.00 734.6254
 83.00 739.8235
 84.00 744.9469
 85.00 749.9814
 86.00 754.9496
 87.00 759.8324
 88.00 764.6308
 89.00 769.3580
 90.00 774.0105
 91.00 778.6457
 92.00 783.2709
 93.00 787.8736
 94.00 792.4634
 95.00 797.0128
