45.7284 -111.971
32.7683 -113.767
31.3757 -109.281
36.428 -112.291
35.099 -113.885
34.4178 -111.441
34.5293 -109.95
33.9383 -113.005
64.5646 -165.373
61.036 -142.346
59.9534 -139.637
58.5792 -134.856
60.1205 -143.284
60.9677 -144.605
64.0997 -150.987
59.7511 -150.906
64.1732 -149.299
63.4188 -152.084
64.6453 -147.805
63.8827 -152.315
67.2269 -150.204
60.7523 -143.093
60.9649 -141.34
63.0753 -147.376
61.1292 -145.775
63.6482 -144.07
60.5487 -145.75
54.8564 -163.418
61.1656 -150.178
66.5657 -145.234
61.771 -148.926
60.8792 -147.096
60.7315 -141.756
64.4091 -146.948
60.3351 -144.262
59.6572 -151.652
58.2758 -134.385
60.4427 -143.251
60.9231 -142.361
61.4924 -145.923
61.4131 -148.458
60.2474 -142.723
61.3836 -143.024
63.7318 -148.937
64.9602 -148.232
60.1785 -141.951
65.0304 -150.744
64.5922 -149.071
60.2361 -143.969
52.9721 -168.855
62.9699 -145.47
60.0959 -140.253
59.6659 -139.404
65.5174 -145.525
62.8962 -152.189
61.1871 -142.467
60.8584 -148.333
61.0889 -149.739
68.0541 -162.908
63.7399 -144.846
60.2994 -141.348
60.1294 -140.783
61.807 -148.332
61.8329 -147.33
63.9761 -143.99
56.5593 -154.184
57.1766 -170.248
60.072 -143.779
60.1043 -149.453
60.7541 -142.829
53.8452 -166.505
62.8295 -148.551
62.9628 -148.585
62.6812 -148.538
62.8349 -147.942
64.4715 -148.092
54.1352 -165.772
56.3014 -158.414
55.4689 -133.123
62.938 -143.719
57.2225 -153.288
61.5922 -149.131
55.3493 -160.477
57.0569 -135.324
59.4601 -135.329
61.1082 -155.622
59.5121 -139.671
-30.4183 151.629
-23.666 133.904
-32.8102 136.059
-31.5375 145.692
-13.9574 143.175
-20.0876 146.25
-25.3691 151.082
-18.0982 125.64
-30.779 128.059
-22.643 114.234
-33.4306 138.922
-12.6869 132.473
-15.6769 128.763
-31.52 159.061
-2.0432 147.366
-26.6376 118.614
-29.0679 116.04
-12.8436 131.133
-29.0433 167.939
-19.0763 -169.927
-21.5725 119.846
-21.5767 119.836
-21.5628 119.847
-21.5781 119.855
-21.5689 119.822
-21.5548 119.861
-21.5933 119.855
-21.5336 119.809
-21.5625 119.901
-21.6215 119.828
-21.4547 119.83
-21.6173 119.963
-21.6432 119.78
-20.5577 139.605
-4.1911 152.164
-33.8294 151.158
-31.8769 141.595
-19.9428 134.351
-19.9243 134.339
-19.9254 134.365
-19.9619 134.34
-25.0375 128.296
-10.4501 105.688
-10.4807 105.652
-34.298 148.396
54.0903 -166.013
54.1292 -166.071
59.3816 -153.438
58.2702 -155.284
53.9148 -166.788
60.5905 -152.806
60.4196 -152.774
33.4915 -116.667
32.8889 -117.105
33.5654 -116.737
33.4947 -116.602
33.0262 -116.96
33.7141 -116.712
33.3516 -116.562
32.892 -116.422
33.6117 -116.459
33.63 -116.848
32.915 -118.488
33.4577 -117.171
33.5519 -116.613
32.841 -117.248
33.5234 -116.426
33.5736 -116.675
38.0345 -120.387
42.6071 -122.957
38.1448 -122.88
36.764 -121.447
40.5799 -122.541
31 97.5
30.91 103.758
43.48 125.26
38.906 121.628
36.1984 94.8145
39.4 99.8167
26.46 106.664
23.6525 113.652
40.85 111.564
39.517 75.923
34.55 112.47
36.087 103.844
32.25 92.25
32.0517 118.854
41.8278 123.578
36.21 117.124
25.029 98.52
30.5428 114.354
43.9 116.079
43.8206 -121.368
43.751 -121.149
43.722 -121.233
43.739 -121.253
46.8997 -121.815
46.859 -121.643
44.2098 -121.963
46.2376 -122.224
43.6727 -121.355
43.6019 -121.145
46.2142 -122.189
44.0597 -121.817
46.938 6.47298
46.4353 8.11043
46.6202 10.2635
46.7568 8.15117
47.2946 9.4927
45.9219 9.04167
46.3633 7.2993
47.7645 8.49236
34.5505 -117.434
35.1269 -118.83
35.3444 -119.104
32.68 -116.672
34.2623 -116.921
33.6552 -115.454
34.0006 -115.998
34.2388 -117.659
34.3334 -118.026
33.4019 -118.415
36.4399 -118.08
34.6375 -115.381
34.2535 -118.334
33.65 -117.009
34.1062 -118.455
34.8811 -117.994
33.7126 -118.294
36.4672 -116.863
33.0515 -114.827
34.7846 -115.66
36.9961 -117.366
35.3018 -116.806
34.8294 -116.335
32.6501 -116.109
34.1574 -115.145
35.6628 -118.474
34.1082 -119.066
35.4795 -117.682
37.6302 -118.836
36.058 -117.489
34.8885 -119.814
33.6 -117.195
34.2236 -118.058
34.7676 -114.619
34.6145 -118.724
34.1714 -118.185
34.1714 -118.185
34.3034 -114.142
35.4077 -120.546
33.3536 -116.863
33.7435 -118.404
34.8753 -116.997
34.4408 -119.715
32.9799 -118.547
33.9954 -119.635
33.5526 -117.662
35.8996 -116.275
35.8909 -117.283
35.3142 -119.996
33.2479 -119.524
34.1065 -117.098
32.9451 -115.8
37.0542 -118.23
35.4358 -115.924
34.0192 -118.286
34.4837 -118.118
35.8409 -119.085
36.321 -119.382
34.5606 -117.33
52.1847 -128.113
80.0532 -86.4158
63.7469 -68.5451
45.7033 -75.4783
49.5217 -67.2719
68.3065 -133.525
49.4504 -82.5079
44.2272 -76.4934
50.609 -121.882
45.5003 -73.6228
74.6892 -94.8962
44.7694 -79.1417
54.8324 -66.8332
50.2503 -95.875
48.1901 -77.7573
60.6597 -134.881
62.5616 -114.61
50.3502 16.3222
49.1309 13.5782
65.6163 -37.6371
55.114 14.915
74.3071 -20.2193
66.4796 -46.3094
66.4796 -46.3094
69.0922 -39.6474
65.548 -38.9757
56.455 9.1733
77.4447 -51.0738
77.4447 -51.0738
81.6047 -16.6609
61.1595 -45.4188
64.1838 -51.6679
64.1838 -51.6679
70.4856 -21.9497
68.2035 -31.3755
55.073 -7.51
53.4195 -9.375
43.941 5.484
48.0258 2.26
-22.0716 166.444
48.2163 7.15896
35.35 137.029
61.2058 -48.1712
21.42 -158.011
21.42 -158.011
-22.0986 166.307
-17.5896 -149.565
-15.4471 167.203
45.279 4.542
45.279 4.542
-8.85492 -140.148
58.4935 -3.9087
50.1867 -5.2273
52.7385 -1.30767
56.9125 -2.4864
50.4353 -3.931
55.9233 -3.1875
51.1476 1.1366
55.3165 -3.2052
52.8879 -3.2012
54.8663 -4.71133
50.8673 0.3363
53.9582 -1.62417
50.9943 -4.48483
49.1878 -2.1717
54.5885 -3.1034
57.3392 -5.65267
53.4573 -0.3274
60.136 -1.17783
51.9973 -2.99833
62.0685 -6.9658
53.0913 -2.2062
51.5132 -1.80033
53.2894 -4.3966
76.7713 -18.655
14.5725 44.3917
29.6699 34.9512
72.5744 -38.4618
44.4581 28.4128
-7.9125 110.523
58.462 26.7347
49.6919 11.2217
22.2776 114.142
22.2776 114.142
40.0183 116.168
40.0183 116.168
30.2762 109.494
30.2762 109.494
49.2704 119.741
49.2704 119.741
25.1233 102.74
25.1233 102.74
29.7031 91.127
29.7031 91.127
19.0291 109.844
19.0291 109.844
31.0948 121.191
31.0948 121.191
43.8138 87.7049
43.8138 87.7049
34.0313 108.924
34.0313 108.924
42.6375 74.4942
42.6375 74.4942
37.9304 58.1189
56.4293 58.5615
48.3301 8.3296
64.7474 -21.3268
64.7474 -21.3268
53.0581 70.2828
53.0581 70.2828
37.7637 -25.5243
37.7637 -25.5243
-12.1901 96.8349
55.3167 -3.205
55.3167 -3.205
54.725 -101.978
54.725 -101.978
48.3319 8.3311
-5.0142 119.752
-5.0142 119.752
57.7828 -152.583
57.7828 -152.583
43.9553 42.6863
43.9553 42.6863
50.7154 78.6202
50.7154 78.6202
8.8019 167.613
8.8019 167.613
67.8979 34.6514
33.6506 73.2686
33.6506 73.2686
55.1146 36.5674
55.1146 36.5674
7.2728 80.7022
33.6107 -116.455
33.6107 -116.455
51.6807 103.644
-19.9336 134.36
-19.9336 134.36
64.7714 -146.887
38.4328 -118.155
42.7672 -109.558
29.3342 -103.668
29.3338 -103.667
34.946 -106.457
34.9459 -106.457
39.868 32.7934
39.868 32.7934
32.3713 -64.6963
32.3713 -64.6963
38.0557 -91.2446
38.0557 -91.2446
18.8141 98.9443
18.8141 98.9443
64.8736 -147.862
64.8736 -147.862
44.5855 -123.305
44.5855 -123.305
-20.0882 146.255
-20.0882 146.255
7.0697 125.579
7.0697 125.579
28.1103 -81.4327
28.1103 -81.4327
-8.5259 179.197
-8.5259 179.197
40.148 44.741
40.148 44.741
49.6909 11.2203
13.5893 144.868
13.5893 144.868
29.9618 -95.8384
29.9618 -95.8384
-9.4387 159.947
-9.4387 159.947
42.5064 -71.5583
42.5064 -71.5583
16.7329 -169.529
16.7329 -169.529
34.5408 69.0432
78.9154 11.9385
78.9154 11.9385
69.7565 27.0035
69.7565 27.0035
50.7012 29.2242
21.42 -158.011
21.42 -158.011
21.42 -158.011
-2.7744 -171.719
59.6491 9.5982
59.6491 9.5982
36.5457 138.204
36.5457 138.204
46.808 81.977
-21.159 119.731
-21.159 119.731
39.5446 -4.3499
39.5446 -4.3499
-9.4047 147.16
-9.4047 147.16
19.7573 -155.533
19.7573 -155.533
-29.245 -177.929
-29.245 -177.929
-21.2125 -159.773
-21.2125 -159.773
44.1212 -104.036
44.1212 -104.036
66.9961 -50.6208
66.9961 -50.6208
23.6858 -109.944
23.6858 -109.944
40.6358 -77.8876
40.6358 -77.8876
1.3549 172.923
1.3549 172.923
24.9735 121.497
24.9735 121.497
32.3098 -110.785
32.3098 -110.785
32.3098 -110.785
19.2834 166.652
19.2834 166.652
38.2289 -86.2939
38.2289 -86.2939
36.1297 -87.83
36.1297 -87.83
2.0448 -157.446
45.3625 -112.596
44.0827 -110.699
43.6381 -111.027
43.897 -110.939
43.6124 -110.604
43.7486 -110.745
41.3016 -105.458
45.0876 -116
43.3624 -110.852
41.6889 -107.21
39.1776 -106.974
43.4599 -110.754
43.4897 -110.957
27.0957 142.184
33.1153 139.814
33.125 130.877
26.836 128.273
24.4672 123.011
41.7291 77.8048
36.3772 127.364
42.6333 74.4944
42.1311 73.6941
42.9986 74.7513
42.6615 73.7772
42.6564 74.9478
42.0778 75.2496
42.9208 75.5966
42.2275 74.5134
42.2456 76.2417
43.2669 74.4997
39.64 27.88
36.7483 29.9085
37.1722 37.2097
40.6152 43.0937
40.4712 31.1977
37.501 42.4392
42.0195 35.2068
41.8 71.9667
41.8544 74.3289
41.3233 72.9811
42.4922 75.9422
40.0575 70.818
42.1272 77.1944
41.4222 75.97
49.2558 59.9431
50.4348 58.0164
53.0581 70.2828
53.024 70.388
43.1034 70.5115
43.2172 76.9658
50.7216 78.5634
50.7017 78.5566
50.682 78.55
50.6622 78.5434
50.6424 78.5366
50.6028 78.5239
50.5831 78.5172
50.5632 78.5108
50.5433 78.5043
50.5236 78.4977
50.6019 78.6862
50.6061 78.6551
50.6102 78.6242
50.6144 78.5927
50.6185 78.5615
50.6269 78.4993
50.6317 78.469
50.6353 78.4368
50.6394 78.4057
50.6436 78.3746
50.6222 78.5311
50.7154 78.6202
46.808 81.977
46.7937 82.2903
40.4314 -117.221
36.277 -117.594
41.6492 -80.1448
44.8399 -74.5065
40.6827 -74.5657
41.414 -74.0119
40.7911 -73.9602
40.8603 -73.8852
44.835 -73.5883
42.6968 -74.3984
41.7261 -73.4843
43.9537 -72.9918
43.9734 -74.2228
41.7546 -74.1435
41.0829 -74.6056
41.0056 -73.9079
40.3769 -74.7029
43.981 -75.6549
42.4062 -78.6042
38.7185 -9.1505
37.8395 -8.21994
37.3043 -8.65267
16.3412 145.712
16.3653 145.646
16.358 145.716
15.2408 145.789
15.2339 145.792
15.2317 145.799
16.7002 145.779
42.354 13.405
45.052 6.678
38.2603 15.8939
37.578 13.216
33.9881 -6.8569
39.1794 16.7583
41.3472 19.8631
46.4722 9.34732
44.1594 10.3864
42.618 23.235
35.8373 14.5242
1.3608 103.773
4.4795 101.025
1.7922 103.847
1.4733 110.308
5.2902 100.649
2.4529 112.214
-20.5507 164.286
-21.4809 168.031
-22.3073 166.454
-22.4183 166.842
-22.6129 167.447
43.137 -70.9348
44.9045 -68.6622
50.764 5.9317
39.1719 -86.5222
37.9812 -90.4273
37.154 -92.2687
35.123 -89.932
38.7338 -88.0991
36.7785 -90.4297
34.9824 -88.0755
36.4137 -89.6997
37.7085 -89.2401
38.6361 -90.2364
34.7751 -92.3429
37.965 -87.666
36.3497 -88.8636
70.9866 -8.5057
78.1777 16.37
78.1796 16.3906
78.1742 16.3846
78.1737 16.3584
78.1789 16.3482
78.1823 16.3683
47.2505 15.5232
47.2867 9.8803
47.0784 13.3447
36.3795 -99.0014
34.5892 -95.3713
33.5982 -116.596
33.5575 -116.531
33.375 -116.621
40.23 -76.72
41.13 -78.75
39.93 -75.45
41.3055 -76.0152
40.48 -80.02
40.79 -77.87
51.837 20.792
53.2697 17.2367
50.8428 16.2931
49.6314 22.7075
49.4189 20.3131
50.2195 19.7984
54.0125 23.1808
38.8672 -7.5902
37.1328 -8.82683
37.4037 -7.7173
38.7208 -28.247
40.022 -86.908
39.043 -86.736
38.333 -85.931
6.8367 158.315
2.6938 98.9237
11.952 108.481
21.3252 103.907
47.644 25.2002
33.937 -106.965
40.208 -8.4124
27.0569 -81.8049
26.9671 -81.144
26.3373 -81.4432
27.0361 -80.3618
26.4062 -80.556
25.8657 -80.907
24.7266 -81.0523
32.8889 -117.105
32.5324 -107.785
32.6738 -88.2708
32.6469 -87.571
32.5983 -86.7916
32.6067 -86.022
32.5269 -85.3267
32.6686 -84.7188
32.6499 -83.8316
32.6131 -83.1066
32.6219 -82.4665
32.6542 -81.495
32.678 -80.9972
32.7364 -80.1935
31.9559 -112.812
31.9752 -87.1225
31.9778 -86.2677
32.0929 -85.409
31.9962 -84.7357
32.0612 -84.1294
31.9457 -83.2905
31.9263 -82.4758
31.9799 -81.8878
31.9746 -81.0261
31.3504 -87.1924
31.4207 -86.3353
31.2753 -85.6036
31.4793 -84.9274
31.3474 -84.2172
31.3438 -82.8518
31.3247 -82.1275
31.4239 -81.4855
30.7827 -97.585
30.7596 -87.2151
30.8038 -86.5863
30.616 -85.7467
30.8492 -85.183
30.8541 -84.3197
30.7145 -83.6302
30.7422 -83.026
30.7248 -82.0223
30.6199 -81.5563
30.1327 -85.2938
30.189 -84.4317
30.0841 -83.6836
30.1212 -82.9666
30.0015 -82.4057
30.016 -81.7291
29.5107 -83.2552
29.3689 -82.5348
29.5852 -81.8665
29.422 -81.2578
28.9413 -82.0685
28.9621 -81.1996
28.3236 -99.3939
28.267 -82.2291
28.2126 -81.3616
28.0592 -80.8984
27.6702 -82.2357
27.5855 -81.7543
27.524 -80.8791
48.7201 -122.706
32.6238 -99.6431
48.2641 -122.096
41.4083 -98.1502
47.9229 -120.894
47.9154 -89.1514
47.5347 -123.089
47.1786 -122.771
47.0605 -88.5657
46.891 -84.0357
47.0558 -83.1038
47.1743 -81.8072
47.2726 -81.3562
47.1668 -79.8412
47.0904 -79.3733
46.9764 -78.4117
47.0795 -77.7001
47.152 -76.657
46.5566 -122.567
46.6058 -91.5542
46.3777 -90.5557
46.4446 -89.8991
46.4643 -88.9636
46.4301 -87.914
46.3758 -86.9954
46.6199 -85.9214
46.3563 -85.1774
46.3665 -84.3062
46.4547 -83.2777
46.4809 -82.1653
46.4232 -80.7378
46.5333 -79.4924
46.2851 -78.6569
46.3784 -77.6638
46.4339 -77.1869
66.3701 -136.719
46.0829 -123.011
45.8852 -121.46
45.7243 -92.6264
45.9588 -91.8775
45.9153 -90.919
45.919 -90.1217
45.7387 -89.1046
45.7587 -88.1347
45.8313 -87.1694
45.9737 -86.4226
45.6837 -85.5156
45.7737 -84.7586
45.8278 -82.6185
45.7627 -82.0423
45.9284 -79.915
45.7951 -79.3227
45.8338 -76.351
45.2115 -123.264
45.2422 -121.317
45.1693 -91.8549
45.2867 -91.1698
45.2684 -90.2006
45.2418 -88.4277
45.2572 -87.6861
45.0404 -85.6571
45.3176 -84.8621
45.173 -83.8551
45.1222 -78.6237
45.2532 -76.7187
44.5234 -122.738
44.3951 -110.576
44.6753 -92.282
44.6797 -91.2833
44.622 -90.3905
44.6164 -89.6534
44.5091 -88.5311
44.4697 -87.7704
44.6232 -86.044
44.5397 -85.2034
44.5994 -84.2062
44.7006 -83.3249
44.6422 -79.8888
44.5505 -77.183
44.593 -76.2594
64.4091 -146.948
44.1059 -123.847
43.6972 -123.349
43.7941 -122.411
44.3386 -121.34
43.8543 -91.5231
43.8916 -90.6177
44.0592 -89.8697
43.8908 -88.9134
43.8844 -88.146
44.0361 -86.2348
43.9411 -85.4472
44.0193 -84.5096
44.1873 -83.7022
43.94 -82.8246
43.8036 -81.0231
44.068 -80.177
43.8238 -79.5912
44.2161 -77.6817
43.1615 -123.931
43.2405 -122.109
43.2848 -121.235
43.3354 -91.7062
43.3965 -90.7406
43.3655 -90.0137
43.3179 -89.1234
43.3808 -88.4185
43.4354 -86.3889
43.3478 -85.6466
43.2382 -84.8214
43.2986 -83.7849
43.36 -83.1389
43.2407 -80.4764
43.2728 -78.6392
43.2657 -77.8167
42.6955 -123.665
42.6246 -121.754
42.6507 -106.524
42.705 -91.8878
42.6999 -91.1383
42.7792 -89.3457
42.7044 -88.332
42.6864 -85.7834
42.6704 -84.9993
42.8032 -84.1197
42.7835 -83.4556
42.7749 -82.6231
42.7223 -81.5082
42.7805 -80.7139
42.6097 -78.6908
42.7278 -78.0696
35.142 -81.3333
39.0112 -102.627
42.158 -123.603
42.218 -122.305
42.1234 -92.0007
42.0628 -91.2218
42.004 -89.667
42.1833 -88.7423
42.1782 -87.9119
42.0127 -86.2955
41.9756 -85.2021
41.9438 -84.4329
42.1088 -83.7672
42.043 -82.8095
41.9539 -80.2598
42.2345 -79.3162
42.1831 -78.4368
41.392 -122.854
41.7826 -121.839
41.375 -90.5422
41.4365 -88.9581
41.3882 -88.0432
41.3881 -87.2504
41.4079 -86.3524
41.3594 -85.6214
41.4846 -84.7171
41.4745 -83.9752
41.4035 -83.0428
41.3321 -82.1831
41.5405 -81.357
41.4393 -80.675
41.5079 -79.6647
41.4686 -78.7649
41.4837 -78.1826
41.562 -70.6466
47.8481 -99.6029
33.9696 -102.772
40.974 -122.705
40.8947 -105.944
40.8841 -91.5837
40.7077 -90.8552
40.9394 -89.1735
40.7953 -88.1333
40.8479 -87.5118
40.8949 -86.7352
40.8801 -85.6942
40.8591 -85.0271
40.922 -84.1825
40.7711 -83.1486
40.9183 -82.3748
40.8125 -81.6876
40.8065 -80.8377
40.9617 -79.9892
40.7808 -78.9862
40.9171 -78.2953
40.7556 -77.5509
40.9168 -75.7703
40.1766 -122.788
40.2946 -121.802
40.1348 -108.242
40.1526 -88.4671
40.2489 -87.7244
40.2361 -86.1742
40.2571 -85.1553
40.188 -84.3353
40.1468 -83.6199
40.147 -82.6056
40.1158 -81.8361
40.2493 -81.2129
40.1821 -80.3778
40.2076 -79.3041
40.2683 -78.5663
40.2104 -77.6354
40.3114 -76.1859
40.3177 -75.405
39.6409 -89.5213
39.5277 -87.7439
39.6178 -87.2067
39.4869 -86.2699
39.4605 -85.4258
39.5342 -84.7164
39.6086 -83.7988
39.4818 -83.0601
39.6337 -82.1325
39.4868 -81.3896
39.602 -80.4796
39.5078 -79.8265
39.5044 -78.8386
39.4835 -78.0126
39.6101 -76.4327
39.8113 -75.6358
65.1171 -147.434
65.1171 -147.434
38.9641 -105.149
38.912 -90.5331
38.8948 -88.1565
39.0231 -87.3575
38.9362 -86.4261
38.9295 -85.7311
39.005 -84.8956
38.8436 -83.979
39.026 -83.3456
38.9622 -82.2669
38.8586 -81.5251
38.9836 -80.8338
38.9952 -80.0812
39.0401 -79.1871
39.0353 -78.4107
38.8644 -76.6548
38.3489 -115.585
38.2976 -91.3795
38.2926 -88.2812
38.2124 -87.5114
38.2957 -86.527
38.4001 -85.8714
38.2916 -85.1714
38.2816 -84.3274
38.3001 -83.5834
38.3366 -82.6443
38.3307 -81.9522
38.1909 -80.9904
38.2825 -80.1195
38.297 -78.5232
38.2989 -78.0034
37.9636 -77.8787
38.2005 -77.1164
38.2684 -76.5807
37.7461 -106.829
37.6936 -89.2551
37.6849 -87.7153
37.5946 -86.8779
37.6574 -86.0569
37.7849 -85.2875
37.679 -84.4003
37.6392 -83.5935
37.6791 -83.0784
37.6815 -82.1264
37.7997 -81.3114
37.7724 -80.5013
37.6771 -79.5662
37.7605 -78.9536
37.6126 -78.0511
37.762 -77.2942
37.7055 -76.6535
40.379 -87.0967
45.2246 -92.8037
44.4429 -98.9556
37.1388 -104.411
37.0196 -88.6447
37.0417 -87.8941
36.9881 -87.1055
37.1094 -86.3943
37.105 -85.5334
37.0204 -84.8384
36.9655 -83.9454
37.1076 -82.9852
36.9823 -82.535
37.0608 -81.5762
37.117 -80.7843
37.0288 -80.0311
36.9983 -79.2538
36.9454 -78.5338
36.9716 -77.5541
37.1397 -76.7349
34.9455 -106.46
34.9455 -106.46
34.9455 -106.46
64.8735 -147.862
64.8735 -147.862
31.4389 -83.5898
68.6408 -149.572
68.6408 -149.572
33.606 -116.454
35.9104 -95.7919
36.3563 -92.8535
36.344 -91.9203
36.359 -88.1773
36.4413 -87.2892
36.5107 -86.5402
36.5129 -85.7796
36.4156 -84.8431
36.3786 -84.0165
36.3929 -83.3671
36.3644 -82.5765
36.5209 -81.8204
36.5023 -81.0472
36.3472 -80.3829
36.4319 -79.3364
36.3944 -78.5493
36.3526 -77.7925
36.4718 -77.1596
36.3319 -76.4464
35.8007 -88.1177
35.8278 -87.5205
35.74 -86.8219
35.7663 -85.903
35.6713 -85.1
35.8033 -84.3511
35.8417 -83.5959
35.6694 -82.8124
35.7771 -81.9478
35.8518 -81.2149
35.8097 -80.4963
35.8875 -79.7758
35.794 -79.115
35.7649 -78.2394
35.765 -77.2629
35.7912 -76.5776
35.5612 -75.957
35.1181 -109.736
35.196 -93.784
35.1736 -92.2479
35.1333 -88.3783
35.2511 -87.5946
35.1386 -86.9333
35.1194 -86.2645
35.2002 -85.3119
35.1606 -84.7599
35.0935 -83.9277
35.1696 -83.163
35.0857 -82.1859
35.135 -80.5828
35.1529 -79.9928
35.0208 -79.2333
35.1673 -78.443
35.0528 -77.7133
35.1773 -76.9909
31.9913 -97.4561
34.4873 -92.8342
34.518 -90.8812
34.5564 -88.5844
34.5178 -87.8571
34.4517 -87.0452
34.5126 -86.326
34.4611 -85.6499
34.5658 -84.8574
34.6032 -83.8938
34.5031 -83.3013
34.5474 -82.3743
34.4701 -81.6336
34.4923 -81.0319
34.4643 -80.094
34.5548 -79.3388
34.572 -78.6023
34.5773 -77.9768
33.7503 -114.524
34.0739 -106.921
33.9131 -87.1696
33.8577 -86.4119
33.8911 -85.7347
33.8993 -85.064
33.864 -84.0626
33.8554 -83.5836
33.8621 -82.688
33.9375 -81.8581
33.7922 -81.3047
34.017 -80.3915
33.9057 -79.6665
34.0046 -78.2163
33.2577 -92.803
33.1942 -86.5311
33.254 -85.9226
33.3167 -85.1747
33.1893 -84.4176
33.2801 -83.5713
33.2362 -82.8417
33.2211 -82.1359
33.3253 -81.3687
33.297 -80.7039
33.3349 -79.8129
33.2414 -79.278
18.8138 98.9443
17.5093 101.624
14.3152 101.321
18.0635 103.146
17.1476 104.612
16.5735 100.969
18.4989 100.229
12.4726 99.7929
7.17583 100.616
14.3948 99.1212
8.59549 99.602
9.16634 99.6294
13.6684 100.607
15.2773 105.469
24.4638 118.388
24.1738 121.595
23.7876 120.954
23.3005 120.63
22.8177 121.08
24.6695 121.376
23.3925 121.297
53.3763 -2.3515
44.1973 -122.986
43.1187 -123.244
43.7921 -120.941
42.3012 -83.6567
40.2319 -82.982
48.2977 -95.8619
42.7654 -111.1
34.8837 -101.681
42.1993 -75.9861
37.2113 -80.4205
44.8525 -117.306
45.597 -111.63
31.1687 -87.0506
42.7667 -109.558
38.814 -99.7374
38.2046 -77.3732
35.2393 -77.8901
46.1003 -89.1369
48.4702 -104.196
48.4702 -104.196
40.195 -112.813
43.7337 -96.6141
43.7337 -96.6141
64.7774 -141.158
48.024 -109.755
40.7448 -115.239
42.1175 -79.9891
47.9462 -91.4953
47.9462 -91.4953
44.8245 -84.6175
33.4112 -83.4666
33.4112 -83.4666
46.3925 -119.533
40.5559 -89.294
43.5625 -114.414
41.6069 -111.565
39.7997 -105.613
30.4794 -99.8022
42.9142 -90.2481
42.9142 -90.2481
39.1009 -96.6094
39.1009 -96.6094
27.5459 -97.8929
46.6885 -106.223
44.2401 -71.9259
44.5652 -110.4
44.6197 -74.5829
33.0399 -86.9978
39.6581 -79.8456
34.5454 -93.5765
31.6985 -105.382
46.8292 -113.941
37.1996 -108.493
31.7598 -94.661
48.2642 -117.123
48.2642 -117.123
33.1067 -80.1778
47.3917 -123.869
40.9451 -102.033
34.5118 -89.4092
45.2644 -69.2917
45.1221 -109.267
41.9069 -93.2153
37.7456 -105.501
36.9488 -116.249
36.5439 -83.549
32.2185 -90.5177
34.7379 -98.7807
34.7379 -98.7807
56.4191 -132.347
56.4191 -132.347
35.5169 -111.374
42.4339 -118.637
39.1108 -110.524
44.6837 -122.186
45.9734 -117.228
46.5585 -119.855
47.8006 -118.274
46.4911 -119.06
47.7172 -122.972
47.9475 -124.566
47.5641 -122.825
45.3223 -121.651
43.358 -118.474
44.082 -119.504
43.7516 -124.049
45.2357 -120.635
46.7506 -121.81
48.0575 -123.504
47.2545 -120.666
48.5183 -121.484
48.3584 -119.333
45.8951 -119.928
46.4218 -123.799
47.4255 -121.803
48.8528 -121.677
47.5563 -122.249
47.1881 -121.989
47.6947 -121.689
42.7258 -120.893
46.5139 -118.146
45.2904 -118.96
47.117 -123.771
47.0573 -118.921
33.7205 -5.3197
33.3079 -5.1024
49.25 -90.568
49.895 -91.141
50.254 -89.094
49.624 -89.675
48.28 -89.443
48.905 -88.446
49.651 -88.088
48.888 -87.357
49.74 -86.755
49.753 -83.817
49.084 -85.856
49.189 -84.763
48.613 -85.258
47.723 -84.814
47.861 -83.354
47.305 -84.588
46.548 -91.691
46.472 -91.769
46.438 -91.987
46.297 -92.068
46.251 -92.179
46.061 -92.221
46.027 -92.37
45.986 -92.538
45.86 -92.615
45.754 -92.641
45.655 -92.635
45.564 -92.634
45.487 -92.651
45.389 -92.584
45.35 -92.747
44.826 -93.099
44.667 -93.484
44.582 -93.421
44.46 -93.387
44.381 -93.381
44.243 -93.305
44.14 -93.219
43.906 -93.1
43.783 -93.07
43.63 -93.051
46.717 -93.126
46.657 -93.035
46.61 -92.92
46.527 -92.835
46.446 -92.685
46.4 -92.657
46.39 -92.553
46.248 -92.31
46.138 -92.189
46.127 -92.068
46.072 -92.001
46.011 -91.889
45.875 -91.724
45.833 -91.585
45.775 -91.556
45.698 -91.461
45.59 -91.281
45.534 -91.096
45.415 -90.946
44.033 -95.307
44.018 -94.796
44.064 -94.488
44.042 -94.269
44.057 -93.885
44.058 -93.735
44.009 -93.637
44.042 -93.514
44.04 -93.272
44.031 -93.136
44.032 -93.004
44.043 -92.876
44.027 -92.741
44.023 -92.586
43.97 -92.375
44.064 -92.041
44.021 -91.835
43.998 -91.611
44.054 -91.349
44.019 -90.981
37.5957 -89.0459
35.6221 -79.201
35.5621 -79.4686
35.5373 -79.3038
35.554 -79.2424
35.5336 -79.2014
35.5256 -79.0169
35.47 -79.3799
35.4505 -79.2819
35.4721 -79.2179
35.4073 -79.2832
35.3847 -79.2435
43.6356 -113.74
43.6122 -114.187
43.6065 -114.644
43.6018 -115.063
43.6785 -115.397
43.6955 -115.849
43.92 -113.476
43.9381 -114.197
43.8803 -114.657
44.072 -114.022
44.0235 -114.85
44.0206 -115.476
44.0269 -115.843
44.0114 -116.266
44.1129 -117.196
44.0314 -117.684
44.0036 -118.45
44.0362 -118.752
44.2553 -115.463
44.2553 -115.463
44.2781 -115.873
44.2586 -116.301
44.3097 -117.058
44.1897 -117.605
44.2276 -118.014
44.2159 -118.4
44.2396 -118.814
44.5617 -113.354
44.5045 -114.349
44.5642 -115.09
44.5289 -115.576
44.8044 -113.707
44.8663 -114.015
44.8626 -114.454
44.5494 -114.855
44.7818 -115.544
44.7304 -115.9
44.7127 -116.354
44.7271 -116.788
44.7256 -117.385
44.6767 -117.78
44.6874 -118.216
44.6655 -118.636
44.6358 -118.927
44.9491 -115.168
45.0417 -115.745
44.9871 -116.496
45.0658 -116.767
45.0113 -117.195
44.9051 -119.004
44.3097 -113.406
44.3069 -113.603
44.3137 -113.842
44.299 -114.114
44.2535 -114.324
44.2611 -114.462
44.318 -114.713
44.2669 -114.919
44.3326 -115.063
44.4245 -115.29
44.4184 -115.494
44.3182 -115.64
44.3638 -115.821
44.4109 -116.054
44.4397 -116.248
44.4362 -116.436
44.4594 -116.647
44.4678 -116.827
44.5071 -117.056
44.4621 -117.224
44.4767 -117.469
44.4461 -117.631
44.4863 -117.801
44.484 -118.001
44.5212 -118.228
44.5543 -118.402
44.5453 -118.592
44.4546 -118.777
44.4271 -118.953
38.5727 34.5084
33.9573 -106.846
33.9573 -106.846
33.9573 -106.846
33.9573 -106.846
65.1173 -147.433
40.2844 30.0923
40.3652 30.062
40.4372 30.0719
40.4806 30.0922
40.5482 30.0884
40.6156 30.087
40.6847 30.0868
40.7421 30.0619
40.8095 30.0827
40.8593 30.0712
40.9348 30.0762
40.2845 30.1652
40.387 30.1634
40.4212 30.146
40.49 30.1612
40.5649 30.1246
40.6447 30.232
40.6802 30.1788
40.7393 30.1534
40.805 30.1619
40.8618 30.1605
40.9229 30.1658
40.2969 30.2405
40.3599 30.2349
40.4249 30.2445
40.4824 30.2356
40.5634 30.2518
40.6167 30.2658
40.6671 30.2422
40.7444 30.2501
40.8078 30.2442
40.8802 30.249
40.9286 30.2364
40.285 30.3167
40.3777 30.3102
40.4256 30.3302
40.4953 30.3134
40.5452 30.3294
40.6235 30.3178
40.8033 30.3291
40.8621 30.3293
40.9314 30.3132
40.2975 30.4088
40.362 30.4044
40.42 30.4084
40.4791 30.4104
40.5224 30.4098
40.6091 30.3799
40.6797 30.4115
40.7486 30.4065
40.8097 30.4098
40.8779 30.4
40.9289 30.3988
40.3004 30.4972
40.3585 30.4938
40.4734 30.4943
40.5399 30.4902
40.6275 30.4792
40.6782 30.4926
40.7364 30.4963
40.8056 30.4902
40.9293 30.4925
40.432 30.5156
40.0849 30.3043
40.1966 30.6244
40.4281 30.8131
40.5888 30.8134
40.8716 30.9175
41.0323 30.651
41.0459 30.1702
40.686 30.3083
33.4948 -116.602
33.6041 -82.2828
33.6594 -82.3884
33.7301 -82.4518
33.7915 -82.5159
33.859 -82.6304
33.9376 -82.6864
33.9938 -82.7566
34.0448 -82.8278
34.1565 -82.9731
34.2462 -83.0333
34.2943 -83.1662
34.3765 -83.1811
34.4498 -83.2799
34.6044 -83.4507
34.7342 -83.6121
34.8721 -83.7338
35.074 -83.9803
35.1997 -84.1369
35.4629 -84.4588
29.2116 -82.0545
29.443 -82.0674
29.8296 -82.1318
30.0271 -82.1095
30.3617 -82.1176
30.5853 -82.0999
30.718 -82.0979
30.8388 -82.0717
30.9839 -82.0742
31.0673 -82.1013
31.1074 -82.1019
31.1733 -82.088
31.223 -82.0919
31.3632 -82.0969
31.4505 -82.1299
31.5016 -82.0986
31.5665 -82.0996
31.6177 -82.1113
31.6967 -82.0796
31.738 -82.071
31.8477 -82.0899
31.8887 -82.0737
31.9445 -82.097
31.9918 -82.1135
32.0979 -82.0991
32.2362 -82.1091
32.3359 -82.0967
32.4908 -82.1032
32.6958 -82.1091
32.9866 -82.107
30.2017 -83.9109
30.5774 -83.8902
30.8635 -83.8864
31.0831 -83.8952
31.2724 -83.8978
31.4486 -83.895
31.611 -83.911
31.7165 -83.886
31.8051 -83.8981
31.9025 -83.8937
31.9587 -83.9083
32.0095 -83.8885
32.055 -83.8933
32.0938 -83.8987
32.138 -83.8985
32.1794 -83.8841
32.2725 -83.9017
32.3132 -83.9064
32.3665 -83.9198
32.404 -83.8587
32.5234 -83.886
32.9174 -83.9234
33.1856 -83.8999
33.4568 -83.7288
33.7318 -83.9128
33.9722 -83.7385
34.1779 -83.8531
34.4657 -83.8658
34.6547 -83.886
34.8376 -83.9204
34.9762 -83.9438
