 25.00 355.6870
 26.00 369.2790
 27.00 382.8931
 28.00 396.5270
 29.00 410.1788
 30.00 423.8467
 31.00 437.5292
 32.00 451.2251
 33.00 464.9330
 34.00 478.6520
 35.00 492.3812
 36.00 506.1197
 37.00 519.8668
 38.00 533.6218
 39.00 547.3842
 40.00 561.1533
 41.00 574.9287
 42.00 588.7100
 43.00 602.4967
 44.00 616.2885
 45.00 630.0851
 46.00 643.8862
 47.00 657.6913
 48.00 671.5005
 49.00 685.3132
 50.00 699.1295
 51.00 712.9490
 52.00 726.7715
 53.00 740.5970
 54.00 754.4252
 55.00 768.2560
 56.00 782.0892
 57.00 795.9248
 58.00 809.7626
 59.00 823.6025
 60.00 837.4443
 61.00 851.2881
 62.00 865.1337
 63.00 878.9809
 64.00 892.8299
 65.00 906.6804
 66.00 920.5323
 67.00 934.3857
 68.00 948.2405
 69.00 962.0966
 70.00 975.9539
 71.00 989.8124
 72.00 1003.6721
 73.00 1017.5329
 74.00 1031.3947
 75.00 1045.2575
 76.00 1059.1213
 77.00 1072.9861
 78.00 1086.8517
 79.00 1100.7182
 80.00 1114.5856
 81.00 1128.4537
 82.00 1142.3227
 83.00 1156.1923
 84.00 1170.0627
 85.00 1183.9338
 86.00 1197.8056
 87.00 1211.6780
 88.00 1225.5510
 89.00 1239.4246
 90.00 1253.2989
 91.00 1267.1736
 92.00 1281.0490
 93.00 1294.9248
 94.00 1308.8012
 95.00 1322.6781
